jacobi
Norm: 0.058804 
k: 10000
Time: 83.252012
jacobi
Norm: 0.058804 
k: 10000
Time: 35.339269
