jacobi
Norm: 0.000999 
k: 579
Time: 0.089737

20.000000 20.000000 20.000000 20.000000 20.000000 20.000000 20.000000 20.000000 20.000000 20.000000 20.000000 20.000000 20.000000 20.000000 20.000000 20.000000 20.000000 20.000000 20.000000 20.000000 20.000000 20.000000 20.000000 20.000000 20.000000 20.000000 20.000000 20.000000 20.000000 20.000000 20.000000 20.000000 20.000000 20.000000 20.000000 20.000000 20.000000 20.000000 20.000000 20.000000 20.000000 20.000000 20.000000 20.000000 20.000000 20.000000 20.000000 20.000000 20.000000 20.000000 20.000000 20.000000 20.000000 20.000000 20.000000 20.000000 20.000000 20.000000 20.000000 20.000000 20.000000 20.000000 20.000000 20.000000 20.000000 20.000000 20.000000 20.000000 20.000000 20.000000 20.000000 20.000000 20.000000 20.000000 20.000000 20.000000 20.000000 20.000000 20.000000 20.000000 20.000000 20.000000 20.000000 20.000000 20.000000 20.000000 20.000000 20.000000 20.000000 20.000000 20.000000 20.000000 20.000000 20.000000 20.000000 20.000000 20.000000 20.000000 20.000000 20.000000 20.000000 20.000000 20.000000 20.000000 20.000000 20.000000 20.000000 20.000000 20.000000 20.000000 20.000000 20.000000 20.000000 20.000000 20.000000 20.000000 20.000000 20.000000 20.000000 20.000000 20.000000 20.000000 20.000000 20.000000 20.000000 20.000000 20.000000 20.000000 20.000000 20.000000 20.000000 20.000000 20.000000 20.000000 20.000000 20.000000 20.000000 20.000000 20.000000 20.000000 20.000000 20.000000 20.000000 20.000000 20.000000 20.000000 20.000000 20.000000 20.000000 20.000000 20.000000 20.000000 20.000000 20.000000 20.000000 20.000000 20.000000 20.000000 20.000000 20.000000 20.000000 20.000000 20.000000 20.000000 20.000000 20.000000 20.000000 20.000000 20.000000 20.000000 20.000000 20.000000 20.000000 20.000000 20.000000 20.000000 20.000000 20.000000 20.000000 20.000000 20.000000 20.000000 20.000000 20.000000 20.000000 20.000000 20.000000 20.000000 20.000000 20.000000 20.000000 20.000000 20.000000 20.000000 20.000000 20.000000 20.000000 20.000000 20.000000 20.000000 20.000000 20.000000 
20.000000 20.001006 20.001768 20.002382 20.002896 20.003334 20.003712 20.004041 20.004330 20.004583 20.004806 20.005004 20.005178 20.005331 20.005467 20.005587 20.005693 20.005786 20.005869 20.005941 20.006004 20.006060 20.006109 20.006151 20.006188 20.006220 20.006248 20.006273 20.006293 20.006312 20.006327 20.006340 20.006352 20.006362 20.006370 20.006377 20.006383 20.006388 20.006392 20.006396 20.006399 20.006402 20.006404 20.006405 20.006407 20.006408 20.006409 20.006410 20.006411 20.006411 20.006412 20.006412 20.006412 20.006412 20.006413 20.006413 20.006413 20.006413 20.006413 20.006413 20.006413 20.006413 20.006413 20.006413 20.006413 20.006413 20.006413 20.006413 20.006413 20.006413 20.006413 20.006413 20.006413 20.006413 20.006413 20.006413 20.006413 20.006413 20.006413 20.006413 20.006413 20.006413 20.006413 20.006413 20.006413 20.006413 20.006413 20.006413 20.006413 20.006413 20.006413 20.006413 20.006413 20.006413 20.006413 20.006413 20.006413 20.006413 20.006413 20.006413 20.006413 20.006413 20.006413 20.006413 20.006413 20.006413 20.006413 20.006413 20.006413 20.006413 20.006413 20.006413 20.006413 20.006413 20.006413 20.006413 20.006413 20.006413 20.006413 20.006413 20.006413 20.006413 20.006413 20.006413 20.006413 20.006413 20.006413 20.006413 20.006413 20.006413 20.006413 20.006413 20.006413 20.006413 20.006413 20.006413 20.006413 20.006413 20.006413 20.006413 20.006413 20.006413 20.006413 20.006413 20.006413 20.006413 20.006413 20.006413 20.006412 20.006412 20.006412 20.006412 20.006411 20.006411 20.006410 20.006409 20.006408 20.006407 20.006405 20.006404 20.006402 20.006399 20.006396 20.006392 20.006388 20.006383 20.006377 20.006370 20.006362 20.006352 20.006340 20.006327 20.006312 20.006293 20.006273 20.006248 20.006220 20.006188 20.006151 20.006109 20.006060 20.006004 20.005941 20.005869 20.005786 20.005693 20.005587 20.005467 20.005331 20.005178 20.005004 20.004806 20.004583 20.004330 20.004041 20.003712 20.003334 20.002896 20.002382 20.001768 20.001006 20.000000 
20.000000 20.001768 20.003195 20.004379 20.005381 20.006242 20.006989 20.007641 20.008212 20.008716 20.009159 20.009551 20.009897 20.010203 20.010474 20.010713 20.010924 20.011110 20.011273 20.011417 20.011544 20.011654 20.011751 20.011836 20.011910 20.011974 20.012030 20.012079 20.012120 20.012156 20.012187 20.012214 20.012237 20.012256 20.012273 20.012287 20.012299 20.012309 20.012318 20.012325 20.012331 20.012336 20.012340 20.012344 20.012347 20.012349 20.012351 20.012353 20.012354 20.012355 20.012356 20.012357 20.012357 20.012358 20.012358 20.012358 20.012359 20.012359 20.012359 20.012359 20.012359 20.012359 20.012359 20.012359 20.012359 20.012359 20.012359 20.012359 20.012360 20.012360 20.012360 20.012360 20.012360 20.012360 20.012360 20.012360 20.012360 20.012360 20.012360 20.012360 20.012360 20.012360 20.012360 20.012360 20.012360 20.012360 20.012360 20.012360 20.012360 20.012360 20.012360 20.012360 20.012360 20.012360 20.012360 20.012360 20.012360 20.012360 20.012360 20.012360 20.012360 20.012360 20.012360 20.012360 20.012360 20.012360 20.012360 20.012360 20.012360 20.012360 20.012360 20.012360 20.012360 20.012360 20.012360 20.012360 20.012360 20.012360 20.012360 20.012360 20.012360 20.012360 20.012360 20.012360 20.012360 20.012360 20.012360 20.012360 20.012360 20.012360 20.012360 20.012360 20.012360 20.012360 20.012359 20.012359 20.012359 20.012359 20.012359 20.012359 20.012359 20.012359 20.012359 20.012359 20.012359 20.012359 20.012358 20.012358 20.012358 20.012357 20.012357 20.012356 20.012355 20.012354 20.012353 20.012351 20.012349 20.012347 20.012344 20.012340 20.012336 20.012331 20.012325 20.012318 20.012309 20.012299 20.012287 20.012273 20.012256 20.012237 20.012214 20.012187 20.012156 20.012120 20.012079 20.012030 20.011974 20.011910 20.011836 20.011751 20.011654 20.011544 20.011417 20.011273 20.011110 20.010924 20.010713 20.010474 20.010203 20.009897 20.009551 20.009159 20.008716 20.008212 20.007641 20.006989 20.006242 20.005381 20.004379 20.003195 20.001768 20.000000 
20.000000 20.002382 20.004379 20.006073 20.007526 20.008785 20.009883 20.010844 20.011690 20.012436 20.013094 20.013676 20.014191 20.014646 20.015049 20.015405 20.015719 20.015996 20.016240 20.016455 20.016643 20.016809 20.016953 20.017080 20.017190 20.017286 20.017369 20.017442 20.017504 20.017558 20.017604 20.017644 20.017678 20.017707 20.017732 20.017753 20.017771 20.017786 20.017799 20.017810 20.017819 20.017826 20.017833 20.017838 20.017842 20.017846 20.017849 20.017851 20.017853 20.017855 20.017856 20.017857 20.017858 20.017859 20.017859 20.017860 20.017860 20.017860 20.017861 20.017861 20.017861 20.017861 20.017861 20.017861 20.017861 20.017861 20.017861 20.017861 20.017861 20.017861 20.017861 20.017861 20.017861 20.017861 20.017861 20.017861 20.017861 20.017861 20.017861 20.017861 20.017861 20.017861 20.017861 20.017861 20.017861 20.017861 20.017861 20.017861 20.017861 20.017861 20.017861 20.017861 20.017861 20.017861 20.017861 20.017861 20.017861 20.017861 20.017861 20.017861 20.017861 20.017861 20.017861 20.017861 20.017861 20.017861 20.017861 20.017861 20.017861 20.017861 20.017861 20.017861 20.017861 20.017861 20.017861 20.017861 20.017861 20.017861 20.017861 20.017861 20.017861 20.017861 20.017861 20.017861 20.017861 20.017861 20.017861 20.017861 20.017861 20.017861 20.017861 20.017861 20.017861 20.017861 20.017861 20.017861 20.017861 20.017861 20.017861 20.017861 20.017861 20.017861 20.017861 20.017861 20.017860 20.017860 20.017860 20.017859 20.017859 20.017858 20.017857 20.017856 20.017855 20.017853 20.017851 20.017849 20.017846 20.017842 20.017838 20.017833 20.017826 20.017819 20.017810 20.017799 20.017786 20.017771 20.017753 20.017732 20.017707 20.017678 20.017644 20.017604 20.017558 20.017504 20.017442 20.017369 20.017286 20.017190 20.017080 20.016953 20.016809 20.016643 20.016455 20.016240 20.015996 20.015719 20.015405 20.015049 20.014646 20.014191 20.013676 20.013094 20.012436 20.011690 20.010844 20.009883 20.008785 20.007526 20.006073 20.004379 20.002382 20.000000 
20.000000 20.002896 20.005381 20.007526 20.009389 20.011015 20.012441 20.013696 20.014803 20.015780 20.016646 20.017411 20.018089 20.018690 20.019221 20.019691 20.020106 20.020472 20.020795 20.021079 20.021328 20.021547 20.021739 20.021906 20.022052 20.022179 20.022290 20.022385 20.022468 20.022539 20.022601 20.022654 20.022699 20.022737 20.022770 20.022798 20.022822 20.022842 20.022859 20.022873 20.022885 20.022895 20.022903 20.022910 20.022916 20.022921 20.022925 20.022928 20.022931 20.022933 20.022935 20.022936 20.022937 20.022938 20.022939 20.022939 20.022940 20.022940 20.022941 20.022941 20.022941 20.022941 20.022941 20.022941 20.022941 20.022942 20.022942 20.022942 20.022942 20.022942 20.022942 20.022942 20.022942 20.022942 20.022942 20.022942 20.022942 20.022942 20.022942 20.022942 20.022942 20.022942 20.022942 20.022942 20.022942 20.022942 20.022942 20.022942 20.022942 20.022942 20.022942 20.022942 20.022942 20.022942 20.022942 20.022942 20.022942 20.022942 20.022942 20.022942 20.022942 20.022942 20.022942 20.022942 20.022942 20.022942 20.022942 20.022942 20.022942 20.022942 20.022942 20.022942 20.022942 20.022942 20.022942 20.022942 20.022942 20.022942 20.022942 20.022942 20.022942 20.022942 20.022942 20.022942 20.022942 20.022942 20.022942 20.022942 20.022942 20.022942 20.022942 20.022942 20.022942 20.022942 20.022942 20.022942 20.022942 20.022941 20.022941 20.022941 20.022941 20.022941 20.022941 20.022941 20.022940 20.022940 20.022939 20.022939 20.022938 20.022937 20.022936 20.022935 20.022933 20.022931 20.022928 20.022925 20.022921 20.022916 20.022910 20.022903 20.022895 20.022885 20.022873 20.022859 20.022842 20.022822 20.022798 20.022770 20.022737 20.022699 20.022654 20.022601 20.022539 20.022468 20.022385 20.022290 20.022179 20.022052 20.021906 20.021739 20.021547 20.021328 20.021079 20.020795 20.020472 20.020106 20.019691 20.019221 20.018690 20.018089 20.017411 20.016646 20.015780 20.014803 20.013696 20.012441 20.011015 20.009389 20.007526 20.005381 20.002896 20.000000 
20.000000 20.003334 20.006242 20.008785 20.011015 20.012977 20.014706 20.016234 20.017587 20.018784 20.019846 20.020788 20.021623 20.022363 20.023018 20.023598 20.024111 20.024563 20.024962 20.025314 20.025623 20.025894 20.026131 20.026338 20.026519 20.026677 20.026814 20.026932 20.027035 20.027124 20.027200 20.027265 20.027321 20.027369 20.027410 20.027445 20.027474 20.027499 20.027520 20.027538 20.027553 20.027565 20.027575 20.027584 20.027591 20.027597 20.027602 20.027606 20.027609 20.027612 20.027614 20.027616 20.027617 20.027618 20.027619 20.027620 20.027621 20.027621 20.027622 20.027622 20.027622 20.027622 20.027622 20.027623 20.027623 20.027623 20.027623 20.027623 20.027623 20.027623 20.027623 20.027623 20.027623 20.027623 20.027623 20.027623 20.027623 20.027623 20.027623 20.027623 20.027623 20.027623 20.027623 20.027623 20.027623 20.027623 20.027623 20.027623 20.027623 20.027623 20.027623 20.027623 20.027623 20.027623 20.027623 20.027623 20.027623 20.027623 20.027623 20.027623 20.027623 20.027623 20.027623 20.027623 20.027623 20.027623 20.027623 20.027623 20.027623 20.027623 20.027623 20.027623 20.027623 20.027623 20.027623 20.027623 20.027623 20.027623 20.027623 20.027623 20.027623 20.027623 20.027623 20.027623 20.027623 20.027623 20.027623 20.027623 20.027623 20.027623 20.027623 20.027623 20.027623 20.027623 20.027623 20.027623 20.027623 20.027623 20.027623 20.027622 20.027622 20.027622 20.027622 20.027622 20.027621 20.027621 20.027620 20.027619 20.027618 20.027617 20.027616 20.027614 20.027612 20.027609 20.027606 20.027602 20.027597 20.027591 20.027584 20.027575 20.027565 20.027553 20.027538 20.027520 20.027499 20.027474 20.027445 20.027410 20.027369 20.027321 20.027265 20.027200 20.027124 20.027035 20.026932 20.026814 20.026677 20.026519 20.026338 20.026131 20.025894 20.025623 20.025314 20.024962 20.024563 20.024111 20.023598 20.023018 20.022363 20.021623 20.020788 20.019846 20.018784 20.017587 20.016234 20.014706 20.012977 20.011015 20.008785 20.006242 20.003334 20.000000 
20.000000 20.003712 20.006989 20.009883 20.012441 20.014706 20.016714 20.018495 20.020076 20.021480 20.022728 20.023836 20.024820 20.025693 20.026467 20.027153 20.027759 20.028295 20.028768 20.029185 20.029551 20.029872 20.030154 20.030400 20.030615 20.030802 20.030965 20.031106 20.031228 20.031333 20.031424 20.031502 20.031568 20.031625 20.031674 20.031715 20.031750 20.031780 20.031805 20.031826 20.031843 20.031858 20.031870 20.031881 20.031889 20.031896 20.031902 20.031907 20.031911 20.031914 20.031917 20.031919 20.031920 20.031922 20.031923 20.031924 20.031924 20.031925 20.031926 20.031926 20.031926 20.031926 20.031927 20.031927 20.031927 20.031927 20.031927 20.031927 20.031927 20.031927 20.031927 20.031927 20.031927 20.031927 20.031927 20.031927 20.031927 20.031927 20.031927 20.031927 20.031927 20.031927 20.031927 20.031927 20.031927 20.031927 20.031927 20.031927 20.031927 20.031927 20.031927 20.031927 20.031927 20.031927 20.031927 20.031927 20.031927 20.031927 20.031927 20.031927 20.031927 20.031927 20.031927 20.031927 20.031927 20.031927 20.031927 20.031927 20.031927 20.031927 20.031927 20.031927 20.031927 20.031927 20.031927 20.031927 20.031927 20.031927 20.031927 20.031927 20.031927 20.031927 20.031927 20.031927 20.031927 20.031927 20.031927 20.031927 20.031927 20.031927 20.031927 20.031927 20.031927 20.031927 20.031927 20.031927 20.031927 20.031927 20.031927 20.031927 20.031926 20.031926 20.031926 20.031926 20.031925 20.031924 20.031924 20.031923 20.031922 20.031920 20.031919 20.031917 20.031914 20.031911 20.031907 20.031902 20.031896 20.031889 20.031881 20.031870 20.031858 20.031843 20.031826 20.031805 20.031780 20.031750 20.031715 20.031674 20.031625 20.031568 20.031502 20.031424 20.031333 20.031228 20.031106 20.030965 20.030802 20.030615 20.030400 20.030154 20.029872 20.029551 20.029185 20.028768 20.028295 20.027759 20.027153 20.026467 20.025693 20.024820 20.023836 20.022728 20.021480 20.020076 20.018495 20.016714 20.014706 20.012441 20.009883 20.006989 20.003712 20.000000 
20.000000 20.004041 20.007641 20.010844 20.013696 20.016234 20.018495 20.020507 20.022300 20.023897 20.025318 20.026583 20.027707 20.028707 20.029594 20.030380 20.031077 20.031692 20.032236 20.032715 20.033136 20.033506 20.033831 20.034115 20.034362 20.034578 20.034766 20.034928 20.035069 20.035190 20.035295 20.035385 20.035462 20.035527 20.035584 20.035631 20.035672 20.035706 20.035735 20.035759 20.035779 20.035797 20.035811 20.035823 20.035832 20.035841 20.035847 20.035853 20.035857 20.035861 20.035864 20.035866 20.035868 20.035870 20.035871 20.035872 20.035873 20.035874 20.035874 20.035875 20.035875 20.035875 20.035876 20.035876 20.035876 20.035876 20.035876 20.035876 20.035876 20.035876 20.035876 20.035876 20.035876 20.035876 20.035876 20.035876 20.035876 20.035876 20.035876 20.035876 20.035876 20.035876 20.035876 20.035876 20.035876 20.035876 20.035876 20.035876 20.035876 20.035876 20.035876 20.035876 20.035876 20.035876 20.035876 20.035876 20.035876 20.035876 20.035876 20.035876 20.035876 20.035876 20.035876 20.035876 20.035876 20.035876 20.035876 20.035876 20.035876 20.035876 20.035876 20.035876 20.035876 20.035876 20.035876 20.035876 20.035876 20.035876 20.035876 20.035876 20.035876 20.035876 20.035876 20.035876 20.035876 20.035876 20.035876 20.035876 20.035876 20.035876 20.035876 20.035876 20.035876 20.035876 20.035876 20.035876 20.035876 20.035876 20.035876 20.035876 20.035875 20.035875 20.035875 20.035874 20.035874 20.035873 20.035872 20.035871 20.035870 20.035868 20.035866 20.035864 20.035861 20.035857 20.035853 20.035847 20.035841 20.035832 20.035823 20.035811 20.035797 20.035779 20.035759 20.035735 20.035706 20.035672 20.035631 20.035584 20.035527 20.035462 20.035385 20.035295 20.035190 20.035069 20.034928 20.034766 20.034578 20.034362 20.034115 20.033831 20.033506 20.033136 20.032715 20.032236 20.031692 20.031077 20.030380 20.029594 20.028707 20.027707 20.026583 20.025318 20.023897 20.022300 20.020507 20.018495 20.016234 20.013696 20.010844 20.007641 20.004041 20.000000 
20.000000 20.004330 20.008212 20.011690 20.014803 20.017587 20.020076 20.022300 20.024287 20.026061 20.027644 20.029055 20.030312 20.031430 20.032423 20.033305 20.034087 20.034778 20.035389 20.035928 20.036402 20.036818 20.037184 20.037504 20.037783 20.038026 20.038237 20.038421 20.038580 20.038717 20.038835 20.038936 20.039023 20.039097 20.039161 20.039215 20.039260 20.039299 20.039332 20.039359 20.039382 20.039402 20.039418 20.039431 20.039442 20.039451 20.039459 20.039465 20.039470 20.039474 20.039478 20.039481 20.039483 20.039485 20.039486 20.039487 20.039488 20.039489 20.039490 20.039490 20.039490 20.039491 20.039491 20.039491 20.039491 20.039491 20.039492 20.039492 20.039492 20.039492 20.039492 20.039492 20.039492 20.039492 20.039492 20.039492 20.039492 20.039492 20.039492 20.039492 20.039492 20.039492 20.039492 20.039492 20.039492 20.039492 20.039492 20.039492 20.039492 20.039492 20.039492 20.039492 20.039492 20.039492 20.039492 20.039492 20.039492 20.039492 20.039492 20.039492 20.039492 20.039492 20.039492 20.039492 20.039492 20.039492 20.039492 20.039492 20.039492 20.039492 20.039492 20.039492 20.039492 20.039492 20.039492 20.039492 20.039492 20.039492 20.039492 20.039492 20.039492 20.039492 20.039492 20.039492 20.039492 20.039492 20.039492 20.039492 20.039492 20.039492 20.039492 20.039492 20.039492 20.039492 20.039492 20.039492 20.039491 20.039491 20.039491 20.039491 20.039491 20.039490 20.039490 20.039490 20.039489 20.039488 20.039487 20.039486 20.039485 20.039483 20.039481 20.039478 20.039474 20.039470 20.039465 20.039459 20.039451 20.039442 20.039431 20.039418 20.039402 20.039382 20.039359 20.039332 20.039299 20.039260 20.039215 20.039161 20.039097 20.039023 20.038936 20.038835 20.038717 20.038580 20.038421 20.038237 20.038026 20.037783 20.037504 20.037184 20.036818 20.036402 20.035928 20.035389 20.034778 20.034087 20.033305 20.032423 20.031430 20.030312 20.029055 20.027644 20.026061 20.024287 20.022300 20.020076 20.017587 20.014803 20.011690 20.008212 20.004330 20.000000 
20.000000 20.004583 20.008716 20.012436 20.015780 20.018784 20.021480 20.023897 20.026061 20.027998 20.029730 20.031277 20.032656 20.033885 20.034979 20.035950 20.036812 20.037575 20.038250 20.038845 20.039369 20.039830 20.040235 20.040589 20.040898 20.041168 20.041402 20.041605 20.041781 20.041934 20.042065 20.042177 20.042274 20.042356 20.042427 20.042486 20.042537 20.042580 20.042616 20.042647 20.042672 20.042694 20.042712 20.042727 20.042739 20.042749 20.042758 20.042765 20.042770 20.042775 20.042779 20.042782 20.042784 20.042786 20.042788 20.042789 20.042790 20.042791 20.042792 20.042792 20.042793 20.042793 20.042793 20.042794 20.042794 20.042794 20.042794 20.042794 20.042794 20.042794 20.042794 20.042794 20.042794 20.042794 20.042794 20.042794 20.042794 20.042794 20.042794 20.042794 20.042794 20.042794 20.042794 20.042794 20.042794 20.042794 20.042794 20.042794 20.042794 20.042794 20.042794 20.042794 20.042794 20.042794 20.042794 20.042794 20.042794 20.042794 20.042794 20.042794 20.042794 20.042794 20.042794 20.042794 20.042794 20.042794 20.042794 20.042794 20.042794 20.042794 20.042794 20.042794 20.042794 20.042794 20.042794 20.042794 20.042794 20.042794 20.042794 20.042794 20.042794 20.042794 20.042794 20.042794 20.042794 20.042794 20.042794 20.042794 20.042794 20.042794 20.042794 20.042794 20.042794 20.042794 20.042794 20.042794 20.042794 20.042794 20.042794 20.042793 20.042793 20.042793 20.042792 20.042792 20.042791 20.042790 20.042789 20.042788 20.042786 20.042784 20.042782 20.042779 20.042775 20.042770 20.042765 20.042758 20.042749 20.042739 20.042727 20.042712 20.042694 20.042672 20.042647 20.042616 20.042580 20.042537 20.042486 20.042427 20.042356 20.042274 20.042177 20.042065 20.041934 20.041781 20.041605 20.041402 20.041168 20.040898 20.040589 20.040235 20.039830 20.039369 20.038845 20.038250 20.037575 20.036812 20.035950 20.034979 20.033885 20.032656 20.031277 20.029730 20.027998 20.026061 20.023897 20.021480 20.018784 20.015780 20.012436 20.008716 20.004583 20.000000 
20.000000 20.004806 20.009159 20.013094 20.016646 20.019846 20.022728 20.025318 20.027644 20.029730 20.031599 20.033270 20.034764 20.036096 20.037282 20.038338 20.039275 20.040105 20.040840 20.041489 20.042060 20.042563 20.043005 20.043391 20.043729 20.044024 20.044280 20.044502 20.044695 20.044861 20.045005 20.045128 20.045234 20.045324 20.045401 20.045467 20.045522 20.045569 20.045609 20.045643 20.045671 20.045694 20.045714 20.045730 20.045744 20.045755 20.045764 20.045772 20.045778 20.045783 20.045787 20.045791 20.045793 20.045796 20.045797 20.045799 20.045800 20.045801 20.045802 20.045802 20.045803 20.045803 20.045803 20.045803 20.045804 20.045804 20.045804 20.045804 20.045804 20.045804 20.045804 20.045804 20.045804 20.045804 20.045804 20.045804 20.045804 20.045804 20.045804 20.045804 20.045804 20.045804 20.045804 20.045804 20.045804 20.045804 20.045804 20.045804 20.045804 20.045804 20.045804 20.045804 20.045804 20.045804 20.045804 20.045804 20.045804 20.045804 20.045804 20.045804 20.045804 20.045804 20.045804 20.045804 20.045804 20.045804 20.045804 20.045804 20.045804 20.045804 20.045804 20.045804 20.045804 20.045804 20.045804 20.045804 20.045804 20.045804 20.045804 20.045804 20.045804 20.045804 20.045804 20.045804 20.045804 20.045804 20.045804 20.045804 20.045804 20.045804 20.045804 20.045804 20.045804 20.045804 20.045804 20.045804 20.045804 20.045804 20.045803 20.045803 20.045803 20.045803 20.045802 20.045802 20.045801 20.045800 20.045799 20.045797 20.045796 20.045793 20.045791 20.045787 20.045783 20.045778 20.045772 20.045764 20.045755 20.045744 20.045730 20.045714 20.045694 20.045671 20.045643 20.045609 20.045569 20.045522 20.045467 20.045401 20.045324 20.045234 20.045128 20.045005 20.044861 20.044695 20.044502 20.044280 20.044024 20.043729 20.043391 20.043005 20.042563 20.042060 20.041489 20.040840 20.040105 20.039275 20.038338 20.037282 20.036096 20.034764 20.033270 20.031599 20.029730 20.027644 20.025318 20.022728 20.019846 20.016646 20.013094 20.009159 20.004806 20.000000 
20.000000 20.005004 20.009551 20.013676 20.017411 20.020788 20.023836 20.026583 20.029055 20.031277 20.033270 20.035057 20.036655 20.038082 20.039355 20.040489 20.041496 20.042389 20.043180 20.043879 20.044495 20.045037 20.045514 20.045931 20.046296 20.046614 20.046891 20.047132 20.047340 20.047520 20.047675 20.047808 20.047923 20.048021 20.048104 20.048175 20.048235 20.048286 20.048330 20.048366 20.048396 20.048422 20.048443 20.048461 20.048475 20.048488 20.048498 20.048506 20.048513 20.048518 20.048523 20.048526 20.048529 20.048532 20.048534 20.048535 20.048536 20.048537 20.048538 20.048539 20.048539 20.048540 20.048540 20.048540 20.048541 20.048541 20.048541 20.048541 20.048541 20.048541 20.048541 20.048541 20.048541 20.048541 20.048541 20.048541 20.048541 20.048541 20.048541 20.048541 20.048541 20.048541 20.048541 20.048541 20.048541 20.048541 20.048541 20.048541 20.048541 20.048541 20.048541 20.048541 20.048541 20.048541 20.048541 20.048541 20.048541 20.048541 20.048541 20.048541 20.048541 20.048541 20.048541 20.048541 20.048541 20.048541 20.048541 20.048541 20.048541 20.048541 20.048541 20.048541 20.048541 20.048541 20.048541 20.048541 20.048541 20.048541 20.048541 20.048541 20.048541 20.048541 20.048541 20.048541 20.048541 20.048541 20.048541 20.048541 20.048541 20.048541 20.048541 20.048541 20.048541 20.048541 20.048541 20.048541 20.048541 20.048541 20.048540 20.048540 20.048540 20.048539 20.048539 20.048538 20.048537 20.048536 20.048535 20.048534 20.048532 20.048529 20.048526 20.048523 20.048518 20.048513 20.048506 20.048498 20.048488 20.048475 20.048461 20.048443 20.048422 20.048396 20.048366 20.048330 20.048286 20.048235 20.048175 20.048104 20.048021 20.047923 20.047808 20.047675 20.047520 20.047340 20.047132 20.046891 20.046614 20.046296 20.045931 20.045514 20.045037 20.044495 20.043879 20.043180 20.042389 20.041496 20.040489 20.039355 20.038082 20.036655 20.035057 20.033270 20.031277 20.029055 20.026583 20.023836 20.020788 20.017411 20.013676 20.009551 20.005004 20.000000 
20.000000 20.005178 20.009897 20.014191 20.018089 20.021623 20.024820 20.027707 20.030312 20.032656 20.034764 20.036655 20.038349 20.039864 20.041217 20.042422 20.043494 20.044446 20.045289 20.046035 20.046693 20.047272 20.047781 20.048228 20.048618 20.048958 20.049255 20.049513 20.049736 20.049929 20.050095 20.050238 20.050360 20.050465 20.050555 20.050631 20.050696 20.050751 20.050797 20.050836 20.050868 20.050896 20.050919 20.050938 20.050953 20.050966 20.050977 20.050986 20.050993 20.050999 20.051004 20.051008 20.051011 20.051014 20.051016 20.051018 20.051019 20.051020 20.051021 20.051022 20.051022 20.051023 20.051023 20.051023 20.051023 20.051024 20.051024 20.051024 20.051024 20.051024 20.051024 20.051024 20.051024 20.051024 20.051024 20.051024 20.051024 20.051024 20.051024 20.051024 20.051024 20.051024 20.051024 20.051024 20.051024 20.051024 20.051024 20.051024 20.051024 20.051024 20.051024 20.051024 20.051024 20.051024 20.051024 20.051024 20.051024 20.051024 20.051024 20.051024 20.051024 20.051024 20.051024 20.051024 20.051024 20.051024 20.051024 20.051024 20.051024 20.051024 20.051024 20.051024 20.051024 20.051024 20.051024 20.051024 20.051024 20.051024 20.051024 20.051024 20.051024 20.051024 20.051024 20.051024 20.051024 20.051024 20.051024 20.051024 20.051024 20.051024 20.051024 20.051024 20.051024 20.051024 20.051024 20.051024 20.051024 20.051023 20.051023 20.051023 20.051023 20.051022 20.051022 20.051021 20.051020 20.051019 20.051018 20.051016 20.051014 20.051011 20.051008 20.051004 20.050999 20.050993 20.050986 20.050977 20.050966 20.050953 20.050938 20.050919 20.050896 20.050868 20.050836 20.050797 20.050751 20.050696 20.050631 20.050555 20.050465 20.050360 20.050238 20.050095 20.049929 20.049736 20.049513 20.049255 20.048958 20.048618 20.048228 20.047781 20.047272 20.046693 20.046035 20.045289 20.044446 20.043494 20.042422 20.041217 20.039864 20.038349 20.036655 20.034764 20.032656 20.030312 20.027707 20.024820 20.021623 20.018089 20.014191 20.009897 20.005178 20.000000 
20.000000 20.005331 20.010203 20.014646 20.018690 20.022363 20.025693 20.028707 20.031430 20.033885 20.036096 20.038082 20.039864 20.041460 20.042885 20.044157 20.045289 20.046295 20.047187 20.047976 20.048673 20.049287 20.049826 20.050299 20.050713 20.051075 20.051390 20.051663 20.051900 20.052105 20.052282 20.052434 20.052565 20.052676 20.052772 20.052853 20.052922 20.052980 20.053029 20.053071 20.053105 20.053135 20.053159 20.053179 20.053196 20.053210 20.053221 20.053231 20.053239 20.053245 20.053250 20.053254 20.053258 20.053261 20.053263 20.053265 20.053266 20.053267 20.053268 20.053269 20.053269 20.053270 20.053270 20.053270 20.053271 20.053271 20.053271 20.053271 20.053271 20.053271 20.053271 20.053271 20.053271 20.053271 20.053271 20.053271 20.053271 20.053271 20.053271 20.053271 20.053271 20.053271 20.053271 20.053271 20.053271 20.053271 20.053271 20.053271 20.053271 20.053271 20.053271 20.053271 20.053271 20.053271 20.053271 20.053271 20.053271 20.053271 20.053271 20.053271 20.053271 20.053271 20.053271 20.053271 20.053271 20.053271 20.053271 20.053271 20.053271 20.053271 20.053271 20.053271 20.053271 20.053271 20.053271 20.053271 20.053271 20.053271 20.053271 20.053271 20.053271 20.053271 20.053271 20.053271 20.053271 20.053271 20.053271 20.053271 20.053271 20.053271 20.053271 20.053271 20.053271 20.053271 20.053271 20.053271 20.053271 20.053271 20.053270 20.053270 20.053270 20.053269 20.053269 20.053268 20.053267 20.053266 20.053265 20.053263 20.053261 20.053258 20.053254 20.053250 20.053245 20.053239 20.053231 20.053221 20.053210 20.053196 20.053179 20.053159 20.053135 20.053105 20.053071 20.053029 20.052980 20.052922 20.052853 20.052772 20.052676 20.052565 20.052434 20.052282 20.052105 20.051900 20.051663 20.051390 20.051075 20.050713 20.050299 20.049826 20.049287 20.048673 20.047976 20.047187 20.046295 20.045289 20.044157 20.042885 20.041460 20.039864 20.038082 20.036096 20.033885 20.031430 20.028707 20.025693 20.022363 20.018690 20.014646 20.010203 20.005331 20.000000 
20.000000 20.005467 20.010474 20.015049 20.019221 20.023018 20.026467 20.029594 20.032423 20.034979 20.037282 20.039355 20.041217 20.042885 20.044378 20.045710 20.046898 20.047953 20.048890 20.049719 20.050452 20.051098 20.051666 20.052164 20.052600 20.052981 20.053313 20.053602 20.053852 20.054068 20.054255 20.054416 20.054553 20.054671 20.054772 20.054858 20.054931 20.054992 20.055044 20.055088 20.055125 20.055156 20.055181 20.055203 20.055221 20.055235 20.055248 20.055258 20.055266 20.055273 20.055278 20.055282 20.055286 20.055289 20.055291 20.055293 20.055295 20.055296 20.055297 20.055298 20.055298 20.055299 20.055299 20.055300 20.055300 20.055300 20.055300 20.055300 20.055300 20.055300 20.055300 20.055300 20.055300 20.055300 20.055300 20.055300 20.055301 20.055301 20.055301 20.055301 20.055301 20.055301 20.055301 20.055301 20.055301 20.055301 20.055301 20.055301 20.055301 20.055301 20.055301 20.055301 20.055301 20.055301 20.055301 20.055301 20.055301 20.055301 20.055301 20.055301 20.055301 20.055301 20.055301 20.055301 20.055301 20.055301 20.055301 20.055301 20.055301 20.055301 20.055301 20.055301 20.055301 20.055301 20.055301 20.055301 20.055301 20.055301 20.055301 20.055301 20.055301 20.055301 20.055301 20.055301 20.055301 20.055301 20.055300 20.055300 20.055300 20.055300 20.055300 20.055300 20.055300 20.055300 20.055300 20.055300 20.055300 20.055300 20.055300 20.055299 20.055299 20.055298 20.055298 20.055297 20.055296 20.055295 20.055293 20.055291 20.055289 20.055286 20.055282 20.055278 20.055273 20.055266 20.055258 20.055248 20.055235 20.055221 20.055203 20.055181 20.055156 20.055125 20.055088 20.055044 20.054992 20.054931 20.054858 20.054772 20.054671 20.054553 20.054416 20.054255 20.054068 20.053852 20.053602 20.053313 20.052981 20.052600 20.052164 20.051666 20.051098 20.050452 20.049719 20.048890 20.047953 20.046898 20.045710 20.044378 20.042885 20.041217 20.039355 20.037282 20.034979 20.032423 20.029594 20.026467 20.023018 20.019221 20.015049 20.010474 20.005467 20.000000 
20.000000 20.005587 20.010713 20.015405 20.019691 20.023598 20.027153 20.030380 20.033305 20.035950 20.038338 20.040489 20.042422 20.044157 20.045710 20.047098 20.048336 20.049437 20.050415 20.051281 20.052047 20.052723 20.053317 20.053838 20.054295 20.054695 20.055042 20.055345 20.055607 20.055834 20.056030 20.056199 20.056343 20.056467 20.056573 20.056663 20.056739 20.056804 20.056859 20.056905 20.056944 20.056976 20.057003 20.057026 20.057044 20.057060 20.057073 20.057083 20.057092 20.057099 20.057105 20.057109 20.057113 20.057116 20.057119 20.057121 20.057122 20.057124 20.057125 20.057125 20.057126 20.057127 20.057127 20.057127 20.057127 20.057128 20.057128 20.057128 20.057128 20.057128 20.057128 20.057128 20.057128 20.057128 20.057128 20.057128 20.057128 20.057128 20.057128 20.057128 20.057128 20.057128 20.057128 20.057128 20.057128 20.057128 20.057128 20.057128 20.057128 20.057128 20.057128 20.057128 20.057128 20.057128 20.057128 20.057128 20.057128 20.057128 20.057128 20.057128 20.057128 20.057128 20.057128 20.057128 20.057128 20.057128 20.057128 20.057128 20.057128 20.057128 20.057128 20.057128 20.057128 20.057128 20.057128 20.057128 20.057128 20.057128 20.057128 20.057128 20.057128 20.057128 20.057128 20.057128 20.057128 20.057128 20.057128 20.057128 20.057128 20.057128 20.057128 20.057128 20.057128 20.057128 20.057128 20.057128 20.057128 20.057127 20.057127 20.057127 20.057127 20.057126 20.057125 20.057125 20.057124 20.057122 20.057121 20.057119 20.057116 20.057113 20.057109 20.057105 20.057099 20.057092 20.057083 20.057073 20.057060 20.057044 20.057026 20.057003 20.056976 20.056944 20.056905 20.056859 20.056804 20.056739 20.056663 20.056573 20.056467 20.056343 20.056199 20.056030 20.055834 20.055607 20.055345 20.055042 20.054695 20.054295 20.053838 20.053317 20.052723 20.052047 20.051281 20.050415 20.049437 20.048336 20.047098 20.045710 20.044157 20.042422 20.040489 20.038338 20.035950 20.033305 20.030380 20.027153 20.023598 20.019691 20.015405 20.010713 20.005587 20.000000 
20.000000 20.005693 20.010924 20.015719 20.020106 20.024111 20.027759 20.031077 20.034087 20.036812 20.039275 20.041496 20.043494 20.045289 20.046898 20.048336 20.049620 20.050763 20.051778 20.052678 20.053474 20.054177 20.054795 20.055338 20.055814 20.056230 20.056593 20.056908 20.057182 20.057419 20.057623 20.057799 20.057950 20.058079 20.058190 20.058284 20.058364 20.058432 20.058489 20.058537 20.058577 20.058611 20.058640 20.058663 20.058683 20.058699 20.058712 20.058723 20.058732 20.058740 20.058746 20.058751 20.058755 20.058758 20.058761 20.058763 20.058764 20.058766 20.058767 20.058768 20.058768 20.058769 20.058769 20.058770 20.058770 20.058770 20.058770 20.058770 20.058770 20.058770 20.058771 20.058771 20.058771 20.058771 20.058771 20.058771 20.058771 20.058771 20.058771 20.058771 20.058771 20.058771 20.058771 20.058771 20.058771 20.058771 20.058771 20.058771 20.058771 20.058771 20.058771 20.058771 20.058771 20.058771 20.058771 20.058771 20.058771 20.058771 20.058771 20.058771 20.058771 20.058771 20.058771 20.058771 20.058771 20.058771 20.058771 20.058771 20.058771 20.058771 20.058771 20.058771 20.058771 20.058771 20.058771 20.058771 20.058771 20.058771 20.058771 20.058771 20.058771 20.058771 20.058771 20.058771 20.058771 20.058771 20.058771 20.058771 20.058771 20.058771 20.058771 20.058771 20.058770 20.058770 20.058770 20.058770 20.058770 20.058770 20.058770 20.058769 20.058769 20.058768 20.058768 20.058767 20.058766 20.058764 20.058763 20.058761 20.058758 20.058755 20.058751 20.058746 20.058740 20.058732 20.058723 20.058712 20.058699 20.058683 20.058663 20.058640 20.058611 20.058577 20.058537 20.058489 20.058432 20.058364 20.058284 20.058190 20.058079 20.057950 20.057799 20.057623 20.057419 20.057182 20.056908 20.056593 20.056230 20.055814 20.055338 20.054795 20.054177 20.053474 20.052678 20.051778 20.050763 20.049620 20.048336 20.046898 20.045289 20.043494 20.041496 20.039275 20.036812 20.034087 20.031077 20.027759 20.024111 20.020106 20.015719 20.010924 20.005693 20.000000 
20.000000 20.005786 20.011110 20.015996 20.020472 20.024563 20.028295 20.031692 20.034778 20.037575 20.040105 20.042389 20.044446 20.046295 20.047953 20.049437 20.050763 20.051943 20.052993 20.053924 20.054748 20.055475 20.056116 20.056679 20.057172 20.057604 20.057980 20.058307 20.058591 20.058837 20.059049 20.059232 20.059389 20.059524 20.059638 20.059736 20.059819 20.059890 20.059949 20.059999 20.060042 20.060077 20.060106 20.060131 20.060151 20.060168 20.060182 20.060194 20.060203 20.060211 20.060217 20.060222 20.060226 20.060230 20.060232 20.060235 20.060236 20.060238 20.060239 20.060240 20.060240 20.060241 20.060241 20.060242 20.060242 20.060242 20.060242 20.060242 20.060243 20.060243 20.060243 20.060243 20.060243 20.060243 20.060243 20.060243 20.060243 20.060243 20.060243 20.060243 20.060243 20.060243 20.060243 20.060243 20.060243 20.060243 20.060243 20.060243 20.060243 20.060243 20.060243 20.060243 20.060243 20.060243 20.060243 20.060243 20.060243 20.060243 20.060243 20.060243 20.060243 20.060243 20.060243 20.060243 20.060243 20.060243 20.060243 20.060243 20.060243 20.060243 20.060243 20.060243 20.060243 20.060243 20.060243 20.060243 20.060243 20.060243 20.060243 20.060243 20.060243 20.060243 20.060243 20.060243 20.060243 20.060243 20.060243 20.060243 20.060243 20.060243 20.060243 20.060243 20.060243 20.060243 20.060242 20.060242 20.060242 20.060242 20.060242 20.060241 20.060241 20.060240 20.060240 20.060239 20.060238 20.060236 20.060235 20.060232 20.060230 20.060226 20.060222 20.060217 20.060211 20.060203 20.060194 20.060182 20.060168 20.060151 20.060131 20.060106 20.060077 20.060042 20.059999 20.059949 20.059890 20.059819 20.059736 20.059638 20.059524 20.059389 20.059232 20.059049 20.058837 20.058591 20.058307 20.057980 20.057604 20.057172 20.056679 20.056116 20.055475 20.054748 20.053924 20.052993 20.051943 20.050763 20.049437 20.047953 20.046295 20.044446 20.042389 20.040105 20.037575 20.034778 20.031692 20.028295 20.024563 20.020472 20.015996 20.011110 20.005786 20.000000 
20.000000 20.005869 20.011273 20.016240 20.020795 20.024962 20.028768 20.032236 20.035389 20.038250 20.040840 20.043180 20.045289 20.047187 20.048890 20.050415 20.051778 20.052993 20.054074 20.055033 20.055882 20.056632 20.057293 20.057874 20.058383 20.058829 20.059217 20.059556 20.059849 20.060104 20.060323 20.060512 20.060675 20.060814 20.060933 20.061034 20.061120 20.061193 20.061255 20.061307 20.061350 20.061387 20.061418 20.061443 20.061464 20.061482 20.061496 20.061508 20.061518 20.061526 20.061532 20.061538 20.061542 20.061546 20.061548 20.061551 20.061552 20.061554 20.061555 20.061556 20.061557 20.061557 20.061558 20.061558 20.061558 20.061559 20.061559 20.061559 20.061559 20.061559 20.061559 20.061559 20.061559 20.061559 20.061559 20.061559 20.061559 20.061559 20.061559 20.061559 20.061559 20.061559 20.061559 20.061559 20.061559 20.061559 20.061559 20.061559 20.061559 20.061559 20.061559 20.061559 20.061559 20.061559 20.061559 20.061559 20.061559 20.061559 20.061559 20.061559 20.061559 20.061559 20.061559 20.061559 20.061559 20.061559 20.061559 20.061559 20.061559 20.061559 20.061559 20.061559 20.061559 20.061559 20.061559 20.061559 20.061559 20.061559 20.061559 20.061559 20.061559 20.061559 20.061559 20.061559 20.061559 20.061559 20.061559 20.061559 20.061559 20.061559 20.061559 20.061559 20.061559 20.061559 20.061559 20.061559 20.061559 20.061558 20.061558 20.061558 20.061557 20.061557 20.061556 20.061555 20.061554 20.061552 20.061551 20.061548 20.061546 20.061542 20.061538 20.061532 20.061526 20.061518 20.061508 20.061496 20.061482 20.061464 20.061443 20.061418 20.061387 20.061350 20.061307 20.061255 20.061193 20.061120 20.061034 20.060933 20.060814 20.060675 20.060512 20.060323 20.060104 20.059849 20.059556 20.059217 20.058829 20.058383 20.057874 20.057293 20.056632 20.055882 20.055033 20.054074 20.052993 20.051778 20.050415 20.048890 20.047187 20.045289 20.043180 20.040840 20.038250 20.035389 20.032236 20.028768 20.024962 20.020795 20.016240 20.011273 20.005869 20.000000 
